0000000000000000000000000000000000000010011000000000000000000000000000000000000000000000000000000000
0000000000000000000000000000000000000000111000000000000000000000000000000000000011000000000000000000
0000000000000000000000000000000000000000011000000000000000000000000000000000000010100000000000000000
0000011000000000000000000000000000000000000000000000000000000000000000000000000001100000000000000000
0000011000000000000000000000000000000011000000000000000000000000000000000000000000000000000000000000
0000000000000000000000000000000000000001001111000000000000000000000000000000000000000000000000000000
0000000000000000000000000000000000000000110100100000000000000000000000000000000000000000000000000000
0000000000000000000000000000000000000000000010100000000000000000000000000000000000000000000000000000
0000000000000000000000000000000000000000011101100000000000000000000000000000000000000000000000000000
0000000000000000000000000000000000000000010010100000000000000000000000000000000000000000000000000000
0000000000000000000000000000000000000000001010000000000000000000000000000000000000000000000000000000
0000000000000000000000000000000000000000000110000000000000000000000000000000000000000000000000000000
0000000000000000000000000000110000000000000000000000000000000000000000100000000000000000000000000000
0000000000000000000000000000110000000000000000000000000000000000000001010000000000000000000000000000
1100000000000000000000000000000000000000000000000000000000000000000001100000000000000000000000000001
0110000000000000000000000000000000000000000000000000000000000000000000000000000000000000000000000010
0001000000000000000000000000000000000000000000000000000000000000000000001100000000000000000000000000
0011100000000000000000000000000000000000000000000000000000000000000000001100000000000001100000000000
0100000000000000000000000000000000000000000000000000000000010000000000000000000000000010010000000000
0111100000000000000000000000000000000000000000000000000000100000000000000000000000011001111000000010
1000010000000000000000000000000000000100110000000000000001100000000000000000000000101110000100000111
0111011000000000000000000000000000010111100000000000000010000000000000000000000001010001110110001000
0100011000000000000000000000000001101101001111000000000001110000000000000000000000100101000110001001
0001111000000000000000000000000100100100011000110000000001001000000000000000000000010001011110001011
01100110000000000000